eval_loss = 0.5555763856699465
eval_acc = 0.7761067570429994
epoch = 3.0
