eval_loss = 0.5597972503715809
eval_acc = 0.800995551789875
epoch = 3.0
